%YAML:1.0
image_width: 640
image_height: 480
camera_name: orsens/left
camera_matrix: !!opencv-matrix
  rows: 3
  cols: 3
  dt: d
  data: [1096.926621, 0, 174.385626, 0, 1080.557044, 177.95479, 0, 0, 1]
distortion_model: plumb_bob
distortion_coefficients: !!opencv-matrix
  rows: 1
  cols: 5
  dt: d
  data: [0.169585, 0.220555, -0.023558, -0.057873, 0]
rectification_matrix: !!opencv-matrix
  rows: 3
  cols: 3
  dt: d
  data: [0.970478, -0.000592, -0.24119, 0.004346, 0.999878, 0.015029, 0.241152, -0.015634, 0.970362]
projection_matrix: !!opencv-matrix
  rows: 3
  cols: 4
  dt: d
  data: [700, 0, 320, 0, 0, 700, 240, 0, 0, 0, 1, 0]
