%YAML:1.0
image_width: 640
image_height: 480
camera_name: narrow_stereo/right
camera_matrix: !!opencv-matrix
  rows: 3
  cols: 3
  dt: d
  data: [1240.899545, 0, 368.517683, 0, 1235.729942, 261.316408, 0, 0, 1]
distortion_model: plumb_bob
distortion_coefficients: !!opencv-matrix
  rows: 1
  cols: 5
  dt: d
  data: [-0.175614, 0.68758, 0.00027, 0.004789, 0]
rectification_matrix: !!opencv-matrix
  rows: 3
  cols: 3
  dt: d
  data: [0.9999659999999999, -0.004053, -0.007202, 0.004096, 0.9999739999999999, 0.005921999999999999, 0.007177999999999999, -0.005951, 0.999957]
projection_matrix: !!opencv-matrix
  rows: 3
  cols: 4
  dt: d
  data: [1150.20973, 0, 361.490002, -672.600667, 0, 1150.20973, 253.200186, 0, 0, 0, 1, 0]
