%YAML:1.0
image_width: 640
image_height: 480
camera_name: narrow_stereo/left
camera_matrix: !!opencv-matrix
  rows: 3
  cols: 3
  dt: d
  data: [1225.551242, 0, 358.062188, 0, 1221.976912, 245.582076, 0, 0, 1]
distortion_model: plumb_bob
distortion_coefficients: !!opencv-matrix
  rows: 1
  cols: 5
  dt: d
  data: [-0.1483, 0.760354, -0.001768, -0.003315, 0]
rectification_matrix: !!opencv-matrix
  rows: 3
  cols: 3
  dt: d
  data: [0.999957, 0.000665, 0.009216999999999999, -0.000611, 0.9999819999999999, -0.005939, -0.009221, 0.005933, 0.9999399999999999]
projection_matrix: !!opencv-matrix
  rows: 3
  cols: 4
  dt: d
  data: [1150.20973, 0, 361.490002, 0, 0, 1150.20973, 253.200186, 0, 0, 0, 1, 0]
