image_width: 640
image_height: 480
camera_name: /orsens/right
camera_matrix:
  rows: 3
  cols: 3
  data: [1258.783704, 0, 304.501922, 0, 1253.898604, 266.827469, 0, 0, 1]
distortion_model: plumb_bob
distortion_coefficients:
  rows: 1
  cols: 5
  data: [-0.226554, 0.46367, 0.000349, -0.005375, 0]
rectification_matrix:
  rows: 3
  cols: 3
  data: [0.9999359999999999, -0.009816, 0.00561, 0.009812, 0.999952, 0.0007599999999999999, -0.005617, -0.000705, 0.999984]
projection_matrix:
  rows: 3
  cols: 4
  data: [1205.758378, 0, 298.224762, 739.755976, 0, 1205.758378, 266.445412, 0, 0, 0, 1, 0]
