%YAML:1.0
image_width: 640
image_height: 480
camera_name: orsens/left
camera_matrix: !!opencv-matrix
  rows: 3
  cols: 3
  dt: d
  data: [1162.133128, 0.000000, 371.474440, 0.000000, 1166.347934, 297.217263, 0.000000, 0.000000, 1.000000]
distortion_model: plumb_bob
distortion_coefficients: !!opencv-matrix
  rows: 1
  cols: 5
  dt: d
  data: [-0.173080, -0.267900, 0.008064, 0.011599, 0.000000]
rectification_matrix: !!opencv-matrix
  rows: 3
  cols: 3
  dt: d
  data: [0.998925, -0.026946, -0.037729, 0.027160, 0.999618, 0.005165, 0.037575, -0.006185, 0.999275]
projection_matrix: !!opencv-matrix
  rows: 3
  cols: 4
  dt: d
  data: [1312.893288, 0.000000, 440.811415, 0.000000, 0.000000, 1312.893288, 296.913277, 0.000000, 0.000000, 0.000000, 1.000000, 0.000000]
