image_width: 640
image_height: 480
camera_name: /orsens/left
camera_matrix:
  rows: 3
  cols: 3
  data: [1258.988555, 0, 325.567042, 0, 1254.107601, 266.545432, 0, 0, 1]
distortion_model: plumb_bob
distortion_coefficients:
  rows: 1
  cols: 5
  data: [-0.24757, 0.90306, -0.001062, -0.004837, 0]
rectification_matrix:
  rows: 3
  cols: 3
  data: [0.999756, -0.013841, 0.0172, 0.013854, 0.9999039999999999, -0.000614, -0.01719, 0.000852, 0.999852]
projection_matrix:
  rows: 3
  cols: 4
  data: [1205.758378, 0, 298.224762, 0, 0, 1205.758378, 266.445412, 0, 0, 0, 1, 0]
